Product Url,Img
https://fptshop.com.vn/may-tinh-xach-tay/hp-245-g10-r5-7520u-9h8x8pt,https://images.fpt.shop/unsafe/fit-in/filters:quality(90):fill(white):upscale()/fptshop.com.vn/Uploads/Originals/2023/8/22/638283012469903137_hp-245-g10-bac-1.jpg
https://fptshop.com.vn/may-tinh-xach-tay/asus-vivobook-e1404fa-nk186w-r5-7520u,https://images.fpt.shop/unsafe/fit-in/filters:quality(90):fill(white):upscale()/fptshop.com.vn/Uploads/Originals/2023/4/11/638168280594574722_asus-vivobook-e1404fa-nk186w-r5-7520u-den-5.jpg
https://fptshop.com.vn/may-tinh-xach-tay/lenovo-gaming-loq-15iax-9-i5-12450hx,https://images.fpt.shop/unsafe/fit-in/filters:quality(90):fill(white):upscale()/fptshop.com.vn/Uploads/Originals/2024/2/15/638435927047171103_lenovo-gaming-loq-15iax-9-i5-12450hx-led-trang-1.jpg
https://fptshop.com.vn/may-tinh-xach-tay/hp-14s-em0086au-r5-7520u,https://images.fpt.shop/unsafe/fit-in/filters:quality(90):fill(white):upscale()/fptshop.com.vn/Uploads/Originals/2023/4/11/638168318098594588_hp-14s-em0080au-r3-7320u-bac-1.jpg
https://fptshop.com.vn/may-tinh-xach-tay/msiI-modern-14-c7m-221vn-r7-7730u,https://images.fpt.shop/unsafe/fit-in/filters:quality(90):fill(white):upscale()/fptshop.com.vn/Uploads/Originals/2023/8/14/638276090577856519_msiI-modern-14-c7m-221vn-r7-7730u-1.jpg
https://fptshop.com.vn/may-tinh-xach-tay/acer-aspire-3-a315-44p-r5qg-r7-5700u,https://images.fpt.shop/unsafe/fit-in/filters:quality(90):fill(white):upscale()/fptshop.com.vn/Uploads/Originals/2022/3/7/637822560588852335_acer-aspire-3-a315-58-bac-1.jpg
https://fptshop.com.vn/may-tinh-xach-tay/hp-pavilion-aero-13-be2098au-r7-7735u,https://images.fpt.shop/unsafe/fit-in/filters:quality(90):fill(white):upscale()/fptshop.com.vn/Uploads/Originals/2023/8/24/638284697135623321_hp-pavilion-aero-13-bac-1.jpg
https://fptshop.com.vn/may-tinh-xach-tay/asus-tuf-gaming-fx507zc4-hn095w-i5-12500h,https://images.fpt.shop/unsafe/fit-in/filters:quality(90):fill(white):upscale()/fptshop.com.vn/Uploads/Originals/2023/7/4/638240754677083179_asus-tuf-gaming-fx507-xam-1.jpg
https://fptshop.com.vn/may-tinh-xach-tay/lenovo-ideapad-3-15iau7-i7-1255u,https://images.fpt.shop/unsafe/fit-in/filters:quality(90):fill(white):upscale()/fptshop.com.vn/Uploads/Originals/2023/8/18/638279529097831326_lenovo-ideapad-3-15iau7-xam-1.jpg
https://fptshop.com.vn/may-tinh-xach-tay/msi-modern-14-c7m-220vn-r5-7530u,https://images.fpt.shop/unsafe/fit-in/filters:quality(90):fill(white):upscale()/fptshop.com.vn/Uploads/Originals/2023/8/14/638276090577856519_msiI-modern-14-c7m-221vn-r7-7730u-1.jpg
https://fptshop.com.vn/may-tinh-xach-tay/asus-tuf-gaming-fx506hf-hn017w-i5-11400h,https://images.fpt.shop/unsafe/fit-in/filters:quality(90):fill(white):upscale()/fptshop.com.vn/Uploads/Originals/2023/4/4/638162268369378408_asus-tuf-gaming-fx506hf-den-1.jpg
https://fptshop.com.vn/may-tinh-xach-tay/dell-inspiron-15-n3530-i5-1335u,https://images.fpt.shop/unsafe/fit-in/filters:quality(90):fill(white):upscale()/fptshop.com.vn/Uploads/Originals/2023/9/9/638298600173027154_dell-inspiron-15-n3530-bac-1.jpg
https://fptshop.com.vn/may-tinh-xach-tay/asus-vivobook-x1404za-nk387w-i3-1215u,https://images.fpt.shop/unsafe/fit-in/filters:quality(90):fill(white):upscale()/fptshop.com.vn/Uploads/Originals/2023/8/3/638266772282097277_asus-vivobook-x1404za-nk075w-i3-1215u-xanh-4.jpg
https://fptshop.com.vn/may-tinh-xach-tay/lenovo-ideapad-3-14iah8-i5-12450h,https://images.fpt.shop/unsafe/fit-in/filters:quality(90):fill(white):upscale()/fptshop.com.vn/Uploads/Originals/2023/8/15/638276943814922316_lenovo-ideapad-3-14iah8-xam-1.jpg
https://fptshop.com.vn/may-tinh-xach-tay/msi-gaming-thin-gf63-12ve-454vn-i5-12450h,https://images.fpt.shop/unsafe/fit-in/filters:quality(90):fill(white):upscale()/fptshop.com.vn/Uploads/Originals/2023/3/7/638137864183879681_msi-gaming-gf63-thin-11uc-den-1.jpg
https://fptshop.com.vn/may-tinh-xach-tay/laptop-dell-inspiron-15-n3520-i5-1235u1-n5i5011w1,https://images.fpt.shop/unsafe/fit-in/filters:quality(90):fill(white):upscale()/fptshop.com.vn/Uploads/Originals/2022/10/11/638010988638227002_dell-inspiron-15-n3520-den-1.jpg
https://fptshop.com.vn/may-tinh-xach-tay/asus-vivobook-a1505va-l1113w-i5-13500h,https://images.fpt.shop/unsafe/fit-in/filters:quality(90):fill(white):upscale()/fptshop.com.vn/Uploads/Originals/2023/4/13/638169958069065063_asus-vivobook-a1505va-l1113w-i5-13500h-bac-2.jpg
https://fptshop.com.vn/may-tinh-xach-tay/hp-245-g10-r5-7520u,https://images.fpt.shop/unsafe/fit-in/filters:quality(90):fill(white):upscale()/fptshop.com.vn/Uploads/Originals/2023/8/22/638283012469903137_hp-245-g10-bac-1.jpg
https://fptshop.com.vn/may-tinh-xach-tay/acer-aspire-7-gaming-a715-76-57cy-i5-12450h,https://images.fpt.shop/unsafe/fit-in/filters:quality(90):fill(white):upscale()/fptshop.com.vn/Uploads/Originals/2023/6/6/638216639883377102_acer-aspire-7-gaming-a715-76-den-1.jpg
https://fptshop.com.vn/may-tinh-xach-tay/hp-pavilion-14-dv2073tu-i5-1235u,https://images.fpt.shop/unsafe/fit-in/filters:quality(90):fill(white):upscale()/fptshop.com.vn/Uploads/Originals/2023/4/11/638168307037428356_hp-pavilion-14-dv2073tu-i5-1235u-vang-4.jpg
https://fptshop.com.vn/may-tinh-xach-tay/asus-vivobook-x1504va-nj526w-i5-1335u,https://images.fpt.shop/unsafe/fit-in/filters:quality(90):fill(white):upscale()/fptshop.com.vn/Uploads/Originals/2023/10/26/638339335787975377_asus-vivobook-x1504-bac-1.jpg
https://fptshop.com.vn/may-tinh-xach-tay/lenovo-ideapad-1-15alc7-r5-5500u,https://images.fpt.shop/unsafe/fit-in/filters:quality(90):fill(white):upscale()/fptshop.com.vn/Uploads/Originals/2023/9/14/638302841092557960_lenovo-ideapad-1-15alc7-r5-5500u-xam-3.jpg
https://fptshop.com.vn/may-tinh-xach-tay/hp-15s-fq5144tu-i7-1255u,https://images.fpt.shop/unsafe/fit-in/filters:quality(90):fill(white):upscale()/fptshop.com.vn/Uploads/Originals/2022/7/11/637931467775595338_hp-15s-fq-bac-win11-1.jpg
https://fptshop.com.vn/may-tinh-xach-tay/asus-vivobook-m3504ya-l128w-r5-7530u,https://images.fpt.shop/unsafe/fit-in/filters:quality(90):fill(white):upscale()/fptshop.com.vn/Uploads/Originals/2023/8/14/638276303116643881_asus-vivobook-m3504ya-den-1.jpg
https://fptshop.com.vn/may-tinh-xach-tay/hp-14s-em0078au-r5-7520u,https://images.fpt.shop/unsafe/fit-in/filters:quality(90):fill(white):upscale()/fptshop.com.vn/Uploads/Originals/2023/4/11/638168318098594588_hp-14s-em0080au-r3-7320u-bac-1.jpg
https://fptshop.com.vn/may-tinh-xach-tay/huawei-bom-wfp9i-matebook-d15-r7-5700u,https://images.fpt.shop/unsafe/fit-in/filters:quality(90):fill(white):upscale()/fptshop.com.vn/Uploads/Originals/2023/7/19/638253822594898675_huawei-bom-wfp9i-matebook-d15-r7-5700u-bac-1.jpg
https://fptshop.com.vn/may-tinh-xach-tay/asus-vivobook-flip-tn3402ya-lz188w-r5-7530u,https://images.fpt.shop/unsafe/fit-in/filters:quality(90):fill(white):upscale()/fptshop.com.vn/Uploads/Originals/2023/3/24/638152764193437366_asus-vivobook-flip-tn3402y-bac-1.jpg
https://fptshop.com.vn/may-tinh-xach-tay/hp-pavilion-14-dv2071tu-i7-1255u,https://images.fpt.shop/unsafe/fit-in/filters:quality(90):fill(white):upscale()/fptshop.com.vn/Uploads/Originals/2022/10/7/638007643201504540_hp-pavilion-14-dv-vang-1.jpg
https://fptshop.com.vn/may-tinh-xach-tay/msi-gaming-gf63-thin-11uc-1228vn-i7-11800h,https://images.fpt.shop/unsafe/fit-in/filters:quality(90):fill(white):upscale()/fptshop.com.vn/Uploads/Originals/2023/2/16/638121561917638077_msi-gaming-gf63-thin-11uc-1228vn-i7-11800h-5.jpg
https://fptshop.com.vn/may-tinh-xach-tay/hp-pavilion-14-dv2075tu-i5-1235u,https://images.fpt.shop/unsafe/fit-in/filters:quality(90):fill(white):upscale()/fptshop.com.vn/Uploads/Originals/2023/2/2/638109598050514281_hp-pavilion-14-dv-bac-1.jpg
https://fptshop.com.vn/may-tinh-xach-tay/masstel-e140-celeron-n4120,https://images.fpt.shop/unsafe/fit-in/filters:quality(90):fill(white):upscale()/fptshop.com.vn/Uploads/Originals/2022/3/18/637832265280921809_masstel-e140-celeron-n4120-xam-1.jpg
https://fptshop.com.vn/may-tinh-xach-tay/dell-vostro-v3520-i5-1235u,https://images.fpt.shop/unsafe/fit-in/filters:quality(90):fill(white):upscale()/fptshop.com.vn/Uploads/Originals/2023/11/2/638345294135740509_dell-vostro-v3520-xam-5.jpg
https://fptshop.com.vn/may-tinh-xach-tay/asus-vivobook-16-x1605za-mb193w-i3-1215u,https://images.fpt.shop/unsafe/fit-in/filters:quality(90):fill(white):upscale()/fptshop.com.vn/Uploads/Originals/2023/4/20/638176047326301321_asus-vivobook-x1605va-mb105w-i5-1335u-bac-5.jpg
https://fptshop.com.vn/may-tinh-xach-tay/acer-aspire-3-a315-510p-34xz-i3-n305,https://images.fpt.shop/unsafe/fit-in/filters:quality(90):fill(white):upscale()/fptshop.com.vn/Uploads/Originals/2023/4/20/638176054476482166_acer-aspire-a315-59-321n-i3-1215u-bac-1.jpg
https://fptshop.com.vn/may-tinh-xach-tay/asus-vivobook-a1405va-km257w-i5-13500h,https://images.fpt.shop/unsafe/fit-in/filters:quality(90):fill(white):upscale()/fptshop.com.vn/Uploads/Originals/2023/3/17/638146645984737684_asus-vivobook-a1405-den-1.jpg
https://fptshop.com.vn/may-tinh-xach-tay/dell-inspiron-15-n3530-i7-1355u-mx550,https://images.fpt.shop/unsafe/fit-in/filters:quality(90):fill(white):upscale()/fptshop.com.vn/Uploads/Originals/2023/9/9/638298600173027154_dell-inspiron-15-n3530-bac-1.jpg
https://fptshop.com.vn/may-tinh-xach-tay/msi-gaming-gf63-12ucx-841vn-i5-12450h,https://images.fpt.shop/unsafe/fit-in/filters:quality(90):fill(white):upscale()/fptshop.com.vn/Uploads/Originals/2023/10/12/638327196519727914_msi-gaming-gf63-12uc-den-2.jpg
https://fptshop.com.vn/may-tinh-xach-tay/acer-aspire-7-gaming-a715-76g-5806-i5-12450h,https://images.fpt.shop/unsafe/fit-in/filters:quality(90):fill(white):upscale()/fptshop.com.vn/Uploads/Originals/2023/9/9/638298604983362410_acer-aspire-7-gaming-a715-76g-den-1.jpg
https://fptshop.com.vn/may-tinh-xach-tay/acer-aspire-lite-al15-51m-55nb-i5-1155g7,https://images.fpt.shop/unsafe/fit-in/filters:quality(90):fill(white):upscale()/fptshop.com.vn/Uploads/Originals/2024/1/22/638415364357701848_acer-aspire-lite-al15-51m-55nb-i5-1155g7-xam-1.jpg
https://fptshop.com.vn/may-tinh-xach-tay/gigabyte-gaming-g5-mf-f2vn313sh-i5-12450h,https://images.fpt.shop/unsafe/fit-in/filters:quality(90):fill(white):upscale()/fptshop.com.vn/Uploads/Originals/2023/5/5/638188828261835779_gigabyte-gaming-g5-kf-e3vn313sh-i5-12500h-den-3.jpg
https://fptshop.com.vn/may-tinh-xach-tay/asus-vivobook-a1405va-km059w-i5-13500h,https://images.fpt.shop/unsafe/fit-in/filters:quality(90):fill(white):upscale()/fptshop.com.vn/Uploads/Originals/2023/3/17/638146645984737684_asus-vivobook-a1405-den-1.jpg
https://fptshop.com.vn/may-tinh-xach-tay/asus-tuf-gaming-fa507nu-lp045w-r7-7735hs,https://images.fpt.shop/unsafe/fit-in/filters:quality(90):fill(white):upscale()/fptshop.com.vn/Uploads/Originals/2023/10/26/638339399515349660_asus-tuf-gaming-fa507nu-xam-1.jpg
https://fptshop.com.vn/may-tinh-xach-tay/asus-vivobook-pro-k3405vc-km070w-i9-13900h,https://images.fpt.shop/unsafe/fit-in/filters:quality(90):fill(white):upscale()/fptshop.com.vn/Uploads/Originals/2023/5/16/638198447927907777_asus-vivobook-pro-k3405-bac-1.jpg
https://fptshop.com.vn/may-tinh-xach-tay/lenovo-ideapad-slim-5-light-14abr8-r5-7530u,https://images.fpt.shop/unsafe/fit-in/filters:quality(90):fill(white):upscale()/fptshop.com.vn/Uploads/Originals/2023/6/9/638219204862702562_lenovo-ideapad-slim-5-light-14abr8-r7-7730-xam-3.jpg
https://fptshop.com.vn/may-tinh-xach-tay/asus-tuf-gaming-fx506hc-hn144w-i5-11400h,https://images.fpt.shop/unsafe/fit-in/filters:quality(90):fill(white):upscale()/fptshop.com.vn/Uploads/Originals/2022/4/8/637850092511020843_asus-tuf-gaming-fx506h-den-1.jpg
https://fptshop.com.vn/may-tinh-xach-tay/hp-15-fd0083tu-i7-1355u,https://images.fpt.shop/unsafe/fit-in/filters:quality(90):fill(white):upscale()/fptshop.com.vn/Uploads/Originals/2023/8/22/638283023914951249_hp-15-fd-bac-1.jpg
https://fptshop.com.vn/may-tinh-xach-tay/lenovo-ideapad-slim-5-16iah8-i5-12450h,https://images.fpt.shop/unsafe/fit-in/filters:quality(90):fill(white):upscale()/fptshop.com.vn/Uploads/Originals/2023/7/3/638239973446612264_lenovo-ideapad-slim-5-16iah8-xam-1.jpg
https://fptshop.com.vn/may-tinh-xach-tay/hp-pavilion-15-eg3112tu-i7-1355u,https://images.fpt.shop/unsafe/fit-in/filters:quality(90):fill(white):upscale()/fptshop.com.vn/Uploads/Originals/2023/8/28/638288277858898172_hp-pavilion-15-eg3111tu-i5-1335u-bac-5.jpg
https://fptshop.com.vn/may-tinh-xach-tay/acer-gaming-aspire-5-a515-58g-53cm-i5-13420h,https://images.fpt.shop/unsafe/fit-in/filters:quality(90):fill(white):upscale()/fptshop.com.vn/Uploads/Originals/2023/11/1/638344319772930675_acer-gaming-aspire-5-a515-58gm-xam-1.jpg
https://fptshop.com.vn/may-tinh-xach-tay/lenovo-thinkbook-14-g6-irl-i5-13500h,https://images.fpt.shop/unsafe/fit-in/filters:quality(90):fill(white):upscale()/fptshop.com.vn/Uploads/Originals/2024/2/21/638441349664828683_lenovo-thinkbook-14-G6-irl-i5-13500h-5.jpg
https://fptshop.com.vn/may-tinh-xach-tay/msi-gaming-gf63-thin-12uc-1006vn-i5-12450h,https://images.fpt.shop/unsafe/fit-in/filters:quality(90):fill(white):upscale()/fptshop.com.vn/Uploads/Originals/2023/10/12/638327196519727914_msi-gaming-gf63-12uc-den-2.jpg
https://fptshop.com.vn/may-tinh-xach-tay/msi-gaming-alpha-15-b5eek-203vn-r5-5600h,https://images.fpt.shop/unsafe/fit-in/filters:quality(90):fill(white):upscale()/fptshop.com.vn/Uploads/Originals/2021/9/23/637679950996596620_msi-gaming-alpha-15-den-rgb-1-zone-1.jpg
https://fptshop.com.vn/may-tinh-xach-tay/msi-modern-15-b12mo-628vn-i5-1235u,https://images.fpt.shop/unsafe/fit-in/filters:quality(90):fill(white):upscale()/fptshop.com.vn/Uploads/Originals/2023/3/9/638139833422414375_msi-modern-15-b13m-den-1.jpg
https://fptshop.com.vn/may-tinh-xach-tay/msi-summit-e14-evo-a12m-211vn-i7-1280p,https://images.fpt.shop/unsafe/fit-in/filters:quality(90):fill(white):upscale()/fptshop.com.vn/Uploads/Originals/2023/6/8/638218495014848111_msi-summit-e14-evo-den-1.jpg
https://fptshop.com.vn/may-tinh-xach-tay/msi-gaming-raider-ge77hx-12uhs-229vn-i9-12900hx,https://images.fpt.shop/unsafe/fit-in/filters:quality(90):fill(white):upscale()/fptshop.com.vn/Uploads/Originals/2023/6/19/638227912839053067_msi-gaming-raider-ge77hx-12uhs-229vn-i9-12900hx-1.jpg
https://fptshop.com.vn/may-tinh-xach-tay/msi-gaming-vector-gp78hx-13vi-476vn-i9-13980hx,https://images.fpt.shop/unsafe/fit-in/filters:quality(90):fill(white):upscale()/fptshop.com.vn/Uploads/Originals/2024/5/4/638504168504085458_13VI-476VN.jpg
https://fptshop.com.vn/may-tinh-xach-tay/msi-gaming-raider-ge68-hx-14vig-496vn-i9-14900hx,https://images.fpt.shop/unsafe/fit-in/filters:quality(90):fill(white):upscale()/fptshop.com.vn/Uploads/Originals/2024/5/4/638504171288808247_14VIG-496VN.jpg
https://fptshop.com.vn/may-tinh-xach-tay/asus-gaming-rog-zephyrus-m16-gu604vi-nm779w-i9-13900h,https://images.fpt.shop/unsafe/fit-in/filters:quality(90):fill(white):upscale()/fptshop.com.vn/Uploads/Originals/2024/5/4/638504139622893340_GU604VI-NM779W.jpg
https://fptshop.com.vn/may-tinh-xach-tay/msi-gaming-stealth-16-ai-studio-a1vgg-089vn-ultra-9-185h,https://images.fpt.shop/unsafe/fit-in/filters:quality(90):fill(white):upscale()/fptshop.com.vn/Uploads/Originals/2024/5/4/638504150405101979_A1VGG-089VN.jpg
https://fptshop.com.vn/may-tinh-xach-tay/asus-gaming-rog-zephyrus-g16-gu605mv-qr135w-ultra-9-185h,https://images.fpt.shop/unsafe/fit-in/filters:quality(90):fill(white):upscale()/fptshop.com.vn/Uploads/Originals/2024/3/18/638463505556658614_asus-gaming-rog-zephyrus-g16-gu605mi-xam-2.jpg
https://fptshop.com.vn/may-tinh-xach-tay/asus-gaming-rog-zephyrus-g16-gu605mv-qr196w-u9-185h,https://images.fpt.shop/unsafe/fit-in/filters:quality(90):fill(white):upscale()/fptshop.com.vn/Uploads/Originals/2024/5/4/638504128093078123_GU605MV-QR196W.jpg
https://fptshop.com.vn/may-tinh-xach-tay/msi-gaming-vector-gp68-hx-13vh-252vn-i9-13950hx,https://images.fpt.shop/unsafe/fit-in/filters:quality(90):fill(white):upscale()/fptshop.com.vn/Uploads/Originals/2024/5/4/638504161561282219_13VH-252VN.jpg
https://fptshop.com.vn/may-tinh-xach-tay/macbook-pro-14-2023-m3-pro-11-cpu-14-gpu-36gb-512gb,https://images.fpt.shop/unsafe/fit-in/filters:quality(90):fill(white):upscale()/fptshop.com.vn/Uploads/Originals/2024/2/16/638436790518626265_macbook-pro-14-2023-m3-pro-max-den (1).jpg
https://fptshop.com.vn/may-tinh-xach-tay/macbook-pro-14-2023-m3-pro-12-cpu-18-gpu-18gb-1tb,https://images.fpt.shop/unsafe/fit-in/filters:quality(90):fill(white):upscale()/fptshop.com.vn/Uploads/Originals/2023/11/1/638344482098373514_macbook-pro-14-2023-m3-pro-max-den (1).jpg
https://fptshop.com.vn/may-tinh-xach-tay/asus-gaming-rog-zephyrus-g14-ga403uv-qs171w-r9-8945hs,https://images.fpt.shop/unsafe/fit-in/filters:quality(90):fill(white):upscale()/fptshop.com.vn/Uploads/Originals/2024/5/4/638504130640648558_GA403UV-QS171W.jpg
https://fptshop.com.vn/may-tinh-xach-tay/macbook-pro-14-2023-m3-pro-11-cpu-14-gpu-18gb-512gb,https://images.fpt.shop/unsafe/fit-in/filters:quality(90):fill(white):upscale()/fptshop.com.vn/Uploads/Originals/2023/11/1/638344482098373514_macbook-pro-14-2023-m3-pro-max-den (1).jpg
https://fptshop.com.vn/may-tinh-xach-tay/asus-zenbook-14-duo-oled-ux8406ma-pz307w-ultra-7-155h,https://images.fpt.shop/unsafe/fit-in/filters:quality(90):fill(white):upscale()/fptshop.com.vn/Uploads/Originals/2024/4/8/638481653455713679_asus-zenbook-14-duo-oled-ux8406ma-pz307w-ultra-7-155h-2.jpg
https://fptshop.com.vn/may-tinh-xach-tay/msi-gaming-sword-16-hx-b14vgkg-038vn-i7-14700hx,https://images.fpt.shop/unsafe/fit-in/filters:quality(90):fill(white):upscale()/fptshop.com.vn/Uploads/Originals/2024/4/23/638494865767629223_B14VGKG-038VN.jpg
https://fptshop.com.vn/may-tinh-xach-tay/macbook-pro-14-2023-m3-8-cpu-10-gpu-16gb-512gb,https://images.fpt.shop/unsafe/fit-in/filters:quality(90):fill(white):upscale()/fptshop.com.vn/Uploads/Originals/2024/3/20/638465447957955839_macbook-pro-14-2023-m3-8-cpu-10-gpu-xam (1).jpg
https://fptshop.com.vn/may-tinh-xach-tay/lenovo-gaming-legion-5-16irx9-i7-14650hx,https://images.fpt.shop/unsafe/fit-in/filters:quality(90):fill(white):upscale()/fptshop.com.vn/Uploads/Originals/2024/2/21/638441314995029656_lenovo-gaming-legion-5-16irx9-i7-14650hx-2.jpg
https://fptshop.com.vn/may-tinh-xach-tay/msi-gaming-katana-15-b13vgk-1211vn-i7-13620h,https://images.fpt.shop/unsafe/fit-in/filters:quality(90):fill(white):upscale()/fptshop.com.vn/Uploads/Originals/2023/3/9/638139851534926926_msi-gaming-katana-15-b13v-den-1.jpg
https://fptshop.com.vn/may-tinh-xach-tay/msi-creator-m16-b13ve-830vn-i7-13700h,https://images.fpt.shop/unsafe/fit-in/filters:quality(90):fill(white):upscale()/fptshop.com.vn/Uploads/Originals/2023/6/8/638218447788531377_msi-creator-m16-b13ve-830vn-i7-13700h-den-5.jpg
https://fptshop.com.vn/may-tinh-xach-tay/macbook-pro-14-2023-m3-8-cpu-10-gpu-8gb?dung-luong=512gb,https://images.fpt.shop/unsafe/fit-in/filters:quality(90):fill(white):upscale()/fptshop.com.vn/Uploads/Originals/2023/11/1/638344441870104175_macbook-pro-14-2023-m3-8-cpu-10-gpu-xam (1).jpg
https://fptshop.com.vn/may-tinh-xach-tay/msi-gaming-sword-16-hx-b14vfkg-045vn-i7-14700hx,https://images.fpt.shop/unsafe/fit-in/filters:quality(90):fill(white):upscale()/fptshop.com.vn/Uploads/Originals/2024/4/17/638489721363957298_msi-gaming-sword-16-hx-b14vfkg-045vn-i7-14700hx-1.jpg
https://fptshop.com.vn/may-tinh-xach-tay/asus-zenbook-14-oled-ux3405ma-pp475w-intel-core-ultra-u9-185h,https://images.fpt.shop/unsafe/fit-in/filters:quality(90):fill(white):upscale()/fptshop.com.vn/Uploads/Originals/2024/5/4/638504136983053281_UX3405MA-PP475W.jpg
https://fptshop.com.vn/may-tinh-xach-tay/acer-swift-edge-sfa16-41-r3l6-r7-6800u,https://images.fpt.shop/unsafe/fit-in/filters:quality(90):fill(white):upscale()/fptshop.com.vn/Uploads/Originals/2023/7/13/638248692638800080_acer-swift-edge-sfa16-41-r3l6-r7-6800u-xanh-1.jpg
https://fptshop.com.vn/may-tinh-xach-tay/macbook-air-m3-13-2024-8cpu-10gpu-16gb?dung-luong=256gb,https://images.fpt.shop/unsafe/fit-in/filters:quality(90):fill(white):upscale()/fptshop.com.vn/Uploads/Originals/2024/3/20/638465487289151222_macbook-air-m3-13-2024-xanh-1.jpg
https://fptshop.com.vn/may-tinh-xach-tay/macbook-air-m3-13-2024-8cpu-10gpu-8gb-512gb,https://images.fpt.shop/unsafe/fit-in/filters:quality(90):fill(white):upscale()/fptshop.com.vn/Uploads/Originals/2024/3/20/638465487289151222_macbook-air-m3-13-2024-xanh-1.jpg
https://fptshop.com.vn/may-tinh-xach-tay/asus-tuf-gaming-fx507vv-lp181w-i7-13620h,https://images.fpt.shop/unsafe/fit-in/filters:quality(90):fill(white):upscale()/fptshop.com.vn/Uploads/Originals/2023/7/4/638240754677083179_asus-tuf-gaming-fx507-xam-1.jpg
https://fptshop.com.vn/may-tinh-xach-tay/macbook-air-15-m2-2023-8cpu-10gpu-8gb-512gb-sac-70w,https://images.fpt.shop/unsafe/fit-in/filters:quality(90):fill(white):upscale()/fptshop.com.vn/Uploads/Originals/2023/6/6/638216322096898543_macbook-air-m2-2023-15-inch-xanh-1.jpg
https://fptshop.com.vn/may-tinh-xach-tay/lenovo-gaming-loq-15irx9-i7-13650hx?card-do-hoa=rtx4060-8gb,https://images.fpt.shop/unsafe/fit-in/filters:quality(90):fill(white):upscale()/fptshop.com.vn/Uploads/Originals/2024/2/15/638435927047171103_lenovo-gaming-loq-15iax-9-i5-12450hx-led-trang-1.jpg
https://fptshop.com.vn/may-tinh-xach-tay/macbook-air-m3-15-2024-8cpu-10gpu-8gb?dung-luong=256gb,https://images.fpt.shop/unsafe/fit-in/filters:quality(90):fill(white):upscale()/fptshop.com.vn/Uploads/Originals/2024/3/19/638464518059545765_macbook-air-m3-15-2024-xanh-1.jpg
https://fptshop.com.vn/may-tinh-xach-tay/asus-tuf-gaming-f15-fx507vu-lp197w-i7-13620h,https://images.fpt.shop/unsafe/fit-in/filters:quality(90):fill(white):upscale()/fptshop.com.vn/Uploads/Originals/2023/7/4/638240754677083179_asus-tuf-gaming-fx507-xam-1.jpg
https://fptshop.com.vn/may-tinh-xach-tay/msi-gaming-katana-a15-ai-b8vf-419vn-r7-8845hs,https://images.fpt.shop/unsafe/fit-in/filters:quality(90):fill(white):upscale()/fptshop.com.vn/Uploads/Originals/2024/4/24/638495682367516093_MSI Katana A15 AI.jpg
https://fptshop.com.vn/may-tinh-xach-tay/asus-zenbook-flip-up3404va-kn039w-i7-1360p,https://images.fpt.shop/unsafe/fit-in/filters:quality(90):fill(white):upscale()/fptshop.com.vn/Uploads/Originals/2023/3/20/638149050244678186_asus-zenbook-flip-up3404-xanh-1.jpg
https://fptshop.com.vn/may-tinh-xach-tay/msi-gaming-katana-15-b13vfk-676vn-i7-13620h,https://images.fpt.shop/unsafe/fit-in/filters:quality(90):fill(white):upscale()/fptshop.com.vn/Uploads/Originals/2023/3/9/638139851534926926_msi-gaming-katana-15-b13v-den-1.jpg
https://fptshop.com.vn/may-tinh-xach-tay/macbook-air-m2-13-inch-2022-8cpu-10gpu-16gb?dung-luong=256gb,https://images.fpt.shop/unsafe/fit-in/filters:quality(90):fill(white):upscale()/fptshop.com.vn/Uploads/Originals/2022/6/7/637901923612601202_macbook-air-m2-2022-den-1.jpg
https://fptshop.com.vn/may-tinh-xach-tay/msi-gaming-cyborg-15-ai-a1ve-053vn-ultra-7-155h,https://images.fpt.shop/unsafe/fit-in/filters:quality(90):fill(white):upscale()/fptshop.com.vn/Uploads/Originals/2024/1/19/638412735774673279_msi-gaming-cyborg-15-ai-a1ve-053vn-ultra-7-155h-4.jpg
https://fptshop.com.vn/may-tinh-xach-tay/msi-gaming-katana-a15-ai-b8ve-402vn-r7-8845hs,https://images.fpt.shop/unsafe/fit-in/filters:quality(90):fill(white):upscale()/fptshop.com.vn/Uploads/Originals/2024/1/19/638412614841608386_msi-gaming-katana-a15-ai-b8ve-402vn-r7-8845hs-5.jpg
https://fptshop.com.vn/may-tinh-xach-tay/lg-gram-14t90r-gah55a5-i5-1340p,https://images.fpt.shop/unsafe/fit-in/filters:quality(90):fill(white):upscale()/fptshop.com.vn/Uploads/Originals/2023/6/9/638219221275325980_lg-gram-14t90r-gah55a5-i5-1340p-den-3.jpg
https://fptshop.com.vn/may-tinh-xach-tay/asus-tuf-gaming-fx507zv4-lp042w-i7-12700u,https://images.fpt.shop/unsafe/fit-in/filters:quality(90):fill(white):upscale()/fptshop.com.vn/Uploads/Originals/2023/7/4/638240754677083179_asus-tuf-gaming-fx507-xam-1.jpg
https://fptshop.com.vn/may-tinh-xach-tay/lenovo-gaming-loq-15irx9-i7-13650hx-16gb,https://images.fpt.shop/unsafe/fit-in/filters:quality(90):fill(white):upscale()/fptshop.com.vn/Uploads/Originals/2024/5/13/638512078570489297_83DV00D5VN.jpg
https://fptshop.com.vn/may-tinh-xach-tay/dell-inspiron-14-2in1-t7430-i7-1355u,https://images.fpt.shop/unsafe/fit-in/filters:quality(90):fill(white):upscale()/fptshop.com.vn/Uploads/Originals/2023/9/26/638313543316300828_dell-inspiron-14-2in1-7430-bac-2.jpg
https://fptshop.com.vn/may-tinh-xach-tay/gigabyte-gaming-g6-kf-h3vn853sh-i7-13620h,https://images.fpt.shop/unsafe/fit-in/filters:quality(90):fill(white):upscale()/fptshop.com.vn/Uploads/Originals/2024/2/21/638441109797381964_gigabyte-gaming-g6-kf-1.jpg
https://fptshop.com.vn/may-tinh-xach-tay/macbook-air-m2-2023-15-inch?dung-luong=256gb,https://images.fpt.shop/unsafe/fit-in/filters:quality(90):fill(white):upscale()/fptshop.com.vn/Uploads/Originals/2023/6/6/638216322096898543_macbook-air-m2-2023-15-inch-xanh-1.jpg
https://fptshop.com.vn/may-tinh-xach-tay/macbook-air-m3-13-2024-8cpu-8gpu-8gb-256gb,https://images.fpt.shop/unsafe/fit-in/filters:quality(90):fill(white):upscale()/fptshop.com.vn/Uploads/Originals/2024/3/20/638465487289151222_macbook-air-m3-13-2024-xanh-1.jpg
https://fptshop.com.vn/may-tinh-xach-tay/asus-zenbook-14-oled-ux3405ma-pp588w-ultra-5-125h,https://images.fpt.shop/unsafe/fit-in/filters:quality(90):fill(white):upscale()/fptshop.com.vn/Uploads/Originals/2024/2/16/638436998840549835_asus-zenbook-14-oled-ux3405ma-pp588w-ultra-5-125h-5.jpg
https://fptshop.com.vn/may-tinh-xach-tay/asus-zenbook-14-oled-ux3402va-km068w-i7-1360p,https://images.fpt.shop/unsafe/fit-in/filters:quality(90):fill(white):upscale()/fptshop.com.vn/Uploads/Originals/2022/6/27/637919255355664010_asus-zenbook-ux3402-xanh-1.jpg
https://fptshop.com.vn/may-tinh-xach-tay/asus-zenbook-14-oled-ux3405ma-pp151w-ultra-5-125h,https://images.fpt.shop/unsafe/fit-in/filters:quality(90):fill(white):upscale()/fptshop.com.vn/Uploads/Originals/2023/12/18/638385135497691748_asus-zenbook-14-oled-ux3405ma-pp151w-ultra-5-125h-xanh-1.jpg
https://fptshop.com.vn/may-tinh-xach-tay/acer-nitro-v-gaming-anv15-51-55ca-i5-13420h,https://images.fpt.shop/unsafe/fit-in/filters:quality(90):fill(white):upscale()/fptshop.com.vn/Uploads/Originals/2023/11/8/638350517639337847_acer-nitro-v-gaming-anv15-51-55ca-i5-13420h-5.jpg
https://fptshop.com.vn/may-tinh-xach-tay/acer-swift-go-ai-sfg14-73-71zx-ultra-7-155H,https://images.fpt.shop/unsafe/fit-in/filters:quality(90):fill(white):upscale()/fptshop.com.vn/Uploads/Originals/2024/4/22/638493957465733918_Acer Swift Go AI-Silver.jpg
https://fptshop.com.vn/may-tinh-xach-tay/asus-vivobook-s14-s5406ma-pp161w-ultra-5-125h,https://images.fpt.shop/unsafe/fit-in/filters:quality(90):fill(white):upscale()/fptshop.com.vn/Uploads/Originals/2024/4/8/638481713277387949_asus-vivobook-s15-s5406-xanh-1.jpg
https://fptshop.com.vn/may-tinh-xach-tay/asus-vivobook-s14-s5406ma-pp136w-ultra-5-125h,https://images.fpt.shop/unsafe/fit-in/filters:quality(90):fill(white):upscale()/fptshop.com.vn/Uploads/Originals/2024/4/8/638481713277387949_asus-vivobook-s15-s5406-xanh-1.jpg
https://fptshop.com.vn/may-tinh-xach-tay/asus-tuf-gaming-fx507zv4-lp041w-i7-12700h,https://images.fpt.shop/unsafe/fit-in/filters:quality(90):fill(white):upscale()/fptshop.com.vn/Uploads/Originals/2023/7/4/638240754677083179_asus-tuf-gaming-fx507-xam-1.jpg
https://fptshop.com.vn/may-tinh-xach-tay/msi-prestige-14evo-b13m-401vn-i5-13500h,https://images.fpt.shop/unsafe/fit-in/filters:quality(90):fill(white):upscale()/fptshop.com.vn/Uploads/Originals/2023/7/27/638260740231247706_msi-prestige-14evo-b13m-bac-1.jpg
https://fptshop.com.vn/may-tinh-xach-tay/acer-swift-3-sf314-512-741l-i7-1260p,https://images.fpt.shop/unsafe/fit-in/filters:quality(90):fill(white):upscale()/fptshop.com.vn/Uploads/Originals/2023/7/6/638242339490771203_acer-swift-3-sf314-512-vang-2.jpg
https://fptshop.com.vn/may-tinh-xach-tay/asus-tuf-gaming-fa507nv-lp046w-r7-7735hs,https://images.fpt.shop/unsafe/fit-in/filters:quality(90):fill(white):upscale()/fptshop.com.vn/Uploads/Originals/2023/5/24/638205244833267100_asus-tuf-gaming-fa507nu-lp034w-r7-7735hs-xam-1.jpg
https://fptshop.com.vn/may-tinh-xach-tay/asus-tuf-gaming-a15-fa507nv-lp110w-r5-7535hs,https://images.fpt.shop/unsafe/fit-in/filters:quality(90):fill(white):upscale()/fptshop.com.vn/Uploads/Originals/2024/2/16/638436992456366721_asus-tuf-gaming-a15-fa507nv-lp110w-r5-7535hs-2.jpg
https://fptshop.com.vn/may-tinh-xach-tay/gigabyte-gaming-g5-mf5-h2vn353Sh-i7-13620h,https://images.fpt.shop/unsafe/fit-in/filters:quality(90):fill(white):upscale()/fptshop.com.vn/Uploads/Originals/2023/5/5/638188828261835779_gigabyte-gaming-g5-kf-e3vn313sh-i5-12500h-den-3.jpg
https://fptshop.com.vn/may-tinh-xach-tay/hp-probook-440-g10-i7-1360p,https://images.fpt.shop/unsafe/fit-in/filters:quality(90):fill(white):upscale()/fptshop.com.vn/Uploads/Originals/2023/7/31/638264226474075730_hp-probook-440-g10-bac-1.jpg
https://fptshop.com.vn/may-tinh-xach-tay/macbook-air-13-2020-m1-ram-16gb?dung-luong=256gb,https://images.fpt.shop/unsafe/fit-in/filters:quality(90):fill(white):upscale()/fptshop.com.vn/Uploads/Originals/2020/11/12/637407982638531818_mba-2020-gray-1.png
https://fptshop.com.vn/may-tinh-xach-tay/macbook-air-m2-2022-13-inch?dung-luong=256gb,https://images.fpt.shop/unsafe/fit-in/filters:quality(90):fill(white):upscale()/fptshop.com.vn/Uploads/Originals/2022/6/7/637902003522707463_macbook-air-m2-2022-vang-1.jpg
https://fptshop.com.vn/may-tinh-xach-tay/dell-inspiron-14-2in1-7430-i5-1335u,https://images.fpt.shop/unsafe/fit-in/filters:quality(90):fill(white):upscale()/fptshop.com.vn/Uploads/Originals/2023/9/26/638313543316144646_dell-inspiron-14-2in1-7430-bac-1.jpg
https://fptshop.com.vn/may-tinh-xach-tay/asus-tuf-gaming-fa507nu-lp034w-r7-7735hs,https://images.fpt.shop/unsafe/fit-in/filters:quality(90):fill(white):upscale()/fptshop.com.vn/Uploads/Originals/2023/5/24/638205241498465719_asus-tuf-gaming-fa507nu-lp034w-r7-7735hs-xam-1.jpg
https://fptshop.com.vn/may-tinh-xach-tay/gigabyte-gaming-g5-kf-e3vn313sh-i5-12500h,https://images.fpt.shop/unsafe/fit-in/filters:quality(90):fill(white):upscale()/fptshop.com.vn/Uploads/Originals/2023/5/5/638188828261835779_gigabyte-gaming-g5-kf-e3vn313sh-i5-12500h-den-3.jpg
https://fptshop.com.vn/may-tinh-xach-tay/acer-swift-so-ai-sfg14-73-53x7-ultra-5-125h,https://images.fpt.shop/unsafe/fit-in/filters:quality(90):fill(white):upscale()/fptshop.com.vn/Uploads/Originals/2024/4/22/638493957465733918_Acer Swift Go AI-Silver.jpg
https://fptshop.com.vn/may-tinh-xach-tay/asus-vivobook-flip-tp3402va-lz118w-i9-13900h,https://images.fpt.shop/unsafe/fit-in/filters:quality(90):fill(white):upscale()/fptshop.com.vn/Uploads/Originals/2023/3/24/638152764193437366_asus-vivobook-flip-tn3402y-bac-1.jpg
https://fptshop.com.vn/may-tinh-xach-tay/lenovo-yoga-slim-6-14irh8-i7-13700h,https://images.fpt.shop/unsafe/fit-in/filters:quality(90):fill(white):upscale()/fptshop.com.vn/Uploads/Originals/2023/11/22/638362736727242772_lenovo-yoga-slim-6-14irh8-i7-13700h.jpg
https://fptshop.com.vn/may-tinh-xach-tay/gigabyte-gaming-g5-mf5-52vn353sh-i5-13500h,https://images.fpt.shop/unsafe/fit-in/filters:quality(90):fill(white):upscale()/fptshop.com.vn/Uploads/Originals/2023/5/5/638188828260891148_gigabyte-gaming-g5-kf-e3vn313sh-i5-12500h-den-4.jpg
https://fptshop.com.vn/may-tinh-xach-tay/asus-zenbook-14-oled-um3402ya-km826w-r5-7430u,https://images.fpt.shop/unsafe/fit-in/filters:quality(90):fill(white):upscale()/fptshop.com.vn/Uploads/Originals/2024/3/18/638463512200052616_asus-zenbook-14-oled-um3402-den-3.jpg
https://fptshop.com.vn/may-tinh-xach-tay/asus-vivobook-a1505va-l1201w-i9-13900h,https://images.fpt.shop/unsafe/fit-in/filters:quality(90):fill(white):upscale()/fptshop.com.vn/Uploads/Originals/2023/4/13/638169958069065063_asus-vivobook-a1505va-l1113w-i5-13500h-bac-2.jpg
https://fptshop.com.vn/may-tinh-xach-tay/lenovo-thinkpad-e16-g1-i5-13500h,https://images.fpt.shop/unsafe/fit-in/filters:quality(90):fill(white):upscale()/fptshop.com.vn/Uploads/Originals/2023/7/25/638258928535674990_lenovo-thinkpad-e16-gen-1-den-1.jpg
https://fptshop.com.vn/may-tinh-xach-tay/acer-nitro-gaming-an515-58-769j-i7-12700h,https://images.fpt.shop/unsafe/fit-in/filters:quality(90):fill(white):upscale()/fptshop.com.vn/Uploads/Originals/2022/3/1/637817435466475076_acer-nitro-gaming-an515-58-den-1.jpg
https://fptshop.com.vn/may-tinh-xach-tay/asus-vivobook-s3504va-l1227ws-i7-1360p,https://images.fpt.shop/unsafe/fit-in/filters:quality(90):fill(white):upscale()/fptshop.com.vn/Uploads/Originals/2023/6/5/638215736568358284_asus-vivobook-s3504va-l1227ws-i7-1360p-vantay-bac-4.jpg
https://fptshop.com.vn/may-tinh-xach-tay/hp-gaming-victus-16-s0078ax-r5-7640hs,https://images.fpt.shop/unsafe/fit-in/filters:quality(90):fill(white):upscale()/fptshop.com.vn/Uploads/Originals/2023/8/28/638288269292176880_hp-gaming-victus-16-s0078ax-r5-7640hs-3.jpg
https://fptshop.com.vn/may-tinh-xach-tay/acer-swift-x-sfx16-51g-50gs-i5-11320h,https://images.fpt.shop/unsafe/fit-in/filters:quality(90):fill(white):upscale()/fptshop.com.vn/Uploads/Originals/2022/1/22/637784613352577988_acer-swift-x-sfx16-51g-xam-1.jpg
https://fptshop.com.vn/may-tinh-xach-tay/hp-probook-440-g10-i5-1340p,https://images.fpt.shop/unsafe/fit-in/filters:quality(90):fill(white):upscale()/fptshop.com.vn/Uploads/Originals/2023/7/31/638264226474075730_hp-probook-440-g10-bac-1.jpg
https://fptshop.com.vn/may-tinh-xach-tay/lenovo-ideapad-slim-5-14imh9-ultra-5-125h,https://images.fpt.shop/unsafe/fit-in/filters:quality(90):fill(white):upscale()/fptshop.com.vn/Uploads/Originals/2024/4/17/638489709057113947_lenovo-ideapad-slim-5-14imh9-ultra-5-125h-5.jpg
https://fptshop.com.vn/may-tinh-xach-tay/acer-nitro-gaming-an515-58-52sp-i5-12500h,https://images.fpt.shop/unsafe/fit-in/filters:quality(90):fill(white):upscale()/fptshop.com.vn/Uploads/Originals/2022/3/1/637817435466475076_acer-nitro-gaming-an515-58-den-1.jpg
https://fptshop.com.vn/may-tinh-xach-tay/lenovo-thinkpad-t14s-gen-2-i5-1145g7,https://images.fpt.shop/unsafe/fit-in/filters:quality(90):fill(white):upscale()/fptshop.com.vn/Uploads/Originals/2023/10/27/638340219478816094_lenovo-thinkpad-t14s-gen-2-xam-1.jpg
https://fptshop.com.vn/may-tinh-xach-tay/asus-vivobook-pro-14-oled-k3405zf-km184w-i5-12500h,https://images.fpt.shop/unsafe/fit-in/filters:quality(90):fill(white):upscale()/fptshop.com.vn/Uploads/Originals/2023/5/16/638198447927907777_asus-vivobook-pro-k3405-bac-1.jpg
https://fptshop.com.vn/may-tinh-xach-tay/lenovo-gaming-loq-15iax9-i5-12450hx-12gb-rtx3050,https://images.fpt.shop/unsafe/fit-in/filters:quality(90):fill(white):upscale()/fptshop.com.vn/Uploads/Originals/2024/2/15/638435927047171103_lenovo-gaming-loq-15iax-9-i5-12450hx-led-trang-1.jpg
https://fptshop.com.vn/may-tinh-xach-tay/hp-gaming-victus-15-fb1022ax-r5-7535hs,https://images.fpt.shop/unsafe/fit-in/filters:quality(90):fill(white):upscale()/fptshop.com.vn/Uploads/Originals/2024/1/29/638421347766418657_hp-gaming-victus-15-fb1022ax-r5-7535hs-5.jpg
https://fptshop.com.vn/may-tinh-xach-tay/hp-gaming-victus-16-e1104ax-r7-6800h,https://images.fpt.shop/unsafe/fit-in/filters:quality(90):fill(white):upscale()/fptshop.com.vn/Uploads/Originals/2023/2/17/638122294501145231_hp-gaming-victus-16-e1107ax-r5-6600h-den-1.jpg
https://fptshop.com.vn/may-tinh-xach-tay/lenovo-ideapad-gaming-3-15arh7-r5-7535hs,https://images.fpt.shop/unsafe/fit-in/filters:quality(90):fill(white):upscale()/fptshop.com.vn/Uploads/Originals/2022/8/15/637961553976582226_lenovo-ideapad-gaming-3-15arh7-r7-xam-1.jpg
https://fptshop.com.vn/may-tinh-xach-tay/hp-pavilion-15-eg3111tu-i5-1335u,https://images.fpt.shop/unsafe/fit-in/filters:quality(90):fill(white):upscale()/fptshop.com.vn/Uploads/Originals/2023/8/28/638288277858898172_hp-pavilion-15-eg3111tu-i5-1335u-bac-5.jpg
https://fptshop.com.vn/may-tinh-xach-tay/hp-pavilion-14-dv2072tu-i7-1255u,https://images.fpt.shop/unsafe/fit-in/filters:quality(90):fill(white):upscale()/fptshop.com.vn/Uploads/Originals/2022/10/7/638007643201504540_hp-pavilion-14-dv-vang-1.jpg
https://fptshop.com.vn/may-tinh-xach-tay/lenovo-ideapad-slim-5-14irl8-i5-13500h?dung-luong=1tb,https://images.fpt.shop/unsafe/fit-in/filters:quality(90):fill(white):upscale()/fptshop.com.vn/Uploads/Originals/2023/7/3/638239985133857443_lenovo-ideapad-slim-5-14irl8-xam-1.jpg
https://fptshop.com.vn/may-tinh-xach-tay/asus-tuf-gaming-fx517zc-hn077w-i5-12450h,https://images.fpt.shop/unsafe/fit-in/filters:quality(90):fill(white):upscale()/fptshop.com.vn/Uploads/Originals/2022/3/22/637835764419854570_asus-tuf-gaming-fx517-den-1.jpg
https://fptshop.com.vn/may-tinh-xach-tay/macbook-air-13-2020-m1-256gb,https://images.fpt.shop/unsafe/fit-in/filters:quality(90):fill(white):upscale()/fptshop.com.vn/Uploads/Originals/2020/11/12/637407982638531818_mba-2020-gray-1.png
https://fptshop.com.vn/may-tinh-xach-tay/hp-pavilion-15-eg3095tu-i5-1335u,https://images.fpt.shop/unsafe/fit-in/filters:quality(90):fill(white):upscale()/fptshop.com.vn/Uploads/Originals/2023/9/25/638312550720556214_hp-pavilion-15-eg3095tu-bac-1.jpg
https://fptshop.com.vn/may-tinh-xach-tay/msi-gaming-cyborg-15-a12ucx-618vn-i5-12450h,https://images.fpt.shop/unsafe/fit-in/filters:quality(90):fill(white):upscale()/fptshop.com.vn/Uploads/Originals/2023/3/13/638142983409790713_msi-gaming-cyborg-15-a12-den-1.jpg
https://fptshop.com.vn/may-tinh-xach-tay/lenovo-thinkbook-15-g5-r5-7530u,https://images.fpt.shop/unsafe/fit-in/filters:quality(90):fill(white):upscale()/fptshop.com.vn/Uploads/Originals/2023/10/12/638327213408548610_lenovo-thinkbook-15-g5-r5-7530u-xam-5.jpg
https://fptshop.com.vn/may-tinh-xach-tay/gigabyte-gaming-a5-k1-avn1030sb-r5-5600h,https://images.fpt.shop/unsafe/fit-in/filters:quality(90):fill(white):upscale()/fptshop.com.vn/Uploads/Originals/2023/6/15/638224364103013555_gigabyte-gaming-a5-k1-den-1.jpg
https://fptshop.com.vn/may-tinh-xach-tay/lenovo-thinkbook-16-g6-irl-i5-13500h,https://images.fpt.shop/unsafe/fit-in/filters:quality(90):fill(white):upscale()/fptshop.com.vn/Uploads/Originals/2024/4/17/638489704072401014_lenovo-thinkbook-16-g6-irl-i5-13500h-5.jpg
https://fptshop.com.vn/may-tinh-xach-tay/lenovo-ideapad-slim-5-light-14abr8-r7-7730,https://images.fpt.shop/unsafe/fit-in/filters:quality(90):fill(white):upscale()/fptshop.com.vn/Uploads/Originals/2023/6/9/638219204862702562_lenovo-ideapad-slim-5-light-14abr8-r7-7730-xam-3.jpg
https://fptshop.com.vn/may-tinh-xach-tay/hp-15-fd0079tu-i5-1335u,https://images.fpt.shop/unsafe/fit-in/filters:quality(90):fill(white):upscale()/fptshop.com.vn/Uploads/Originals/2023/8/22/638283023914951249_hp-15-fd-bac-1.jpg
https://fptshop.com.vn/may-tinh-xach-tay/acer-aspire-7-gaming-a715-76g-55t6-i5-12450h,https://images.fpt.shop/unsafe/fit-in/filters:quality(90):fill(white):upscale()/fptshop.com.vn/Uploads/Originals/2023/9/9/638298604983362410_acer-aspire-7-gaming-a715-76g-den-1.jpg
https://fptshop.com.vn/may-tinh-xach-tay/msi-gaming-cyborg-15-a12ucx-281vn-i5-12450h,https://images.fpt.shop/unsafe/fit-in/filters:quality(90):fill(white):upscale()/fptshop.com.vn/Uploads/Originals/2023/4/21/638176970683863937_msi-gaming-cyborg-15-a12v-den-1.jpg
https://fptshop.com.vn/may-tinh-xach-tay/hp-15s-fq5146tu-i7-1255u,https://images.fpt.shop/unsafe/fit-in/filters:quality(90):fill(white):upscale()/fptshop.com.vn/Uploads/Originals/2022/12/7/638060325160157872_hp-15s-fq5161tu-xanh-1.jpg
https://fptshop.com.vn/may-tinh-xach-tay/hp-pavilion-15-eg2083tu-i5-1240p,https://images.fpt.shop/unsafe/fit-in/filters:quality(90):fill(white):upscale()/fptshop.com.vn/Uploads/Originals/2022/7/29/637947006435405914_hp-pavilion-15-eg-bac-2022-win11-1.jpg
https://fptshop.com.vn/may-tinh-xach-tay/hp-15s-fq5160tu-i5-1235u,https://images.fpt.shop/unsafe/fit-in/filters:quality(90):fill(white):upscale()/fptshop.com.vn/Uploads/Originals/2022/7/11/637931467775595338_hp-15s-fq-bac-win11-1.jpg
https://fptshop.com.vn/may-tinh-xach-tay/asus-tuf-gaming-a15-fa506nf-hn005w-r5-7535hs,https://images.fpt.shop/unsafe/fit-in/filters:quality(90):fill(white):upscale()/fptshop.com.vn/Uploads/Originals/2024/2/16/638436898802594053_asus-tuf-gaming-a15-fa506nc-1.jpg
https://fptshop.com.vn/may-tinh-xach-tay/dell-inspiron-15-n3520-i5-1235u-512gb,https://images.fpt.shop/unsafe/fit-in/filters:quality(90):fill(white):upscale()/fptshop.com.vn/Uploads/Originals/2022/10/11/638010988638227002_dell-inspiron-15-n3520-den-1.jpg
https://fptshop.com.vn/may-tinh-xach-tay/acer-gaming-aspire-5-a515-58gm-53pz-i5-13420h,https://images.fpt.shop/unsafe/fit-in/filters:quality(90):fill(white):upscale()/fptshop.com.vn/Uploads/Originals/2024/2/23/638442806600262713_acer-gaming-aspire-5-a515-58-xam-4.jpg
https://fptshop.com.vn/may-tinh-xach-tay/lenovo-ideapad-slim-3-15irh8-i7-13620h,https://images.fpt.shop/unsafe/fit-in/filters:quality(90):fill(white):upscale()/fptshop.com.vn/Uploads/Originals/2024/4/3/638477612946777985_lenovo-ideapad-slim-3-15irh8-i7-13620h-dd.jpg
https://fptshop.com.vn/may-tinh-xach-tay/dell-vostro-14-v3420-i5-1235u,https://images.fpt.shop/unsafe/fit-in/filters:quality(90):fill(white):upscale()/fptshop.com.vn/Uploads/Originals/2024/4/26/638497549015031919_dell-vostro-14-v3420-i5-1235u-4.jpg
https://fptshop.com.vn/may-tinh-xach-tay/asus-vivobook-a1503za-l1139w-i5-12500h,https://images.fpt.shop/unsafe/fit-in/filters:quality(90):fill(white):upscale()/fptshop.com.vn/Uploads/Originals/2022/8/4/637952089477835941_asus-vivobook-a1503-bac-1.jpg
https://fptshop.com.vn/may-tinh-xach-tay/vaio-fe14-i5-1235u-vwnc51427-bk,https://images.fpt.shop/unsafe/fit-in/filters:quality(90):fill(white):upscale()/fptshop.com.vn/Uploads/Originals/2023/7/31/638264012589479025_vaio-fe14-i5-1235u-den-4.jpg
https://fptshop.com.vn/may-tinh-xach-tay/asus-vivobook-m3504ya-l1144w-r5-7530u,https://images.fpt.shop/unsafe/fit-in/filters:quality(90):fill(white):upscale()/fptshop.com.vn/Uploads/Originals/2023/6/5/638215730269819133_asus-vivobook-m3504ya-l1144w-r5-7530u-den-2.jpg
https://fptshop.com.vn/may-tinh-xach-tay/msi-modern-15-b7m-238vn-r7-7730u,https://images.fpt.shop/unsafe/fit-in/filters:quality(90):fill(white):upscale()/fptshop.com.vn/Uploads/Originals/2023/3/24/638152553410995909_msi-modern-15-b7m-den-1.jpg
https://fptshop.com.vn/may-tinh-xach-tay/acer-aspire-gaming-a715-43g-r8ga-r5-5625u,https://images.fpt.shop/unsafe/fit-in/filters:quality(90):fill(white):upscale()/fptshop.com.vn/Uploads/Originals/2023/7/24/638257957387322439_acer-aspire-gaming-a715-42g-dd.jpg
https://fptshop.com.vn/may-tinh-xach-tay/acer-nitro-gaming-an515-57-5669-i5-11400h,https://images.fpt.shop/unsafe/fit-in/filters:quality(90):fill(white):upscale()/fptshop.com.vn/Uploads/Originals/2021/12/6/637743875019403625_acer-nitro-gaming-an515-57-56xx-den-1.jpg
https://fptshop.com.vn/may-tinh-xach-tay/acer-aspire-5-a515-58p-56rp-i5-1335u,https://images.fpt.shop/unsafe/fit-in/filters:quality(90):fill(white):upscale()/fptshop.com.vn/Uploads/Originals/2023/9/30/638316654475829069_acer-aspire-5-a515-58p-351n-i3-1305u-3.jpg
https://fptshop.com.vn/may-tinh-xach-tay/acer-swift-go-sfg14-41-r19z-r5-7530u,https://images.fpt.shop/unsafe/fit-in/filters:quality(90):fill(white):upscale()/fptshop.com.vn/Uploads/Originals/2023/9/30/638316665596903924_acer-swift-go-sfg14-41-r19z-r5-7530u-5.jpg
https://fptshop.com.vn/may-tinh-xach-tay/laptop-acer-aspire-7-a715-76-53pj-i5-12450h,https://images.fpt.shop/unsafe/fit-in/filters:quality(90):fill(white):upscale()/fptshop.com.vn/Uploads/Originals/2023/9/9/638298604983362410_acer-aspire-7-gaming-a715-76g-den-1.jpg
https://fptshop.com.vn/may-tinh-xach-tay/asus-vivobook-x1605va-mb105w-i5-1335u,https://images.fpt.shop/unsafe/fit-in/filters:quality(90):fill(white):upscale()/fptshop.com.vn/Uploads/Originals/2023/4/20/638176047326301321_asus-vivobook-x1605va-mb105w-i5-1335u-bac-5.jpg
https://fptshop.com.vn/may-tinh-xach-tay/msi-modern-15-b13m-438vn-i5-1335u,https://images.fpt.shop/unsafe/fit-in/filters:quality(90):fill(white):upscale()/fptshop.com.vn/Uploads/Originals/2023/6/26/638233974319948527_msi-modern-15-b13m-den-1-office.jpg
https://fptshop.com.vn/may-tinh-xach-tay/lenovo-v14-g4-iru-i5-1335u,https://images.fpt.shop/unsafe/fit-in/filters:quality(90):fill(white):upscale()/fptshop.com.vn/Uploads/Originals/2023/9/11/638300287131464874_lenovo-v14-g3-iap-i5-1235u-5.jpg
https://fptshop.com.vn/may-tinh-xach-tay/acer-swift-3-sf314-511-55qe-i5-1135g7,https://images.fpt.shop/unsafe/fit-in/filters:quality(90):fill(white):upscale()/fptshop.com.vn/Uploads/Originals/2022/1/22/637784648681916953_acer-swift-3-sf314-511-bac-1.jpg
https://fptshop.com.vn/may-tinh-xach-tay/acer-aspire-a514-54-5127-i5-1135g7,https://images.fpt.shop/unsafe/fit-in/filters:quality(90):fill(white):upscale()/fptshop.com.vn/Uploads/Originals/2021/2/25/637498460858492771_acer-aspire-a514-54-bac-1.jpg
https://fptshop.com.vn/may-tinh-xach-tay/msi-modern-14-c13m-458vn-i5-1335u,https://images.fpt.shop/unsafe/fit-in/filters:quality(90):fill(white):upscale()/fptshop.com.vn/Uploads/Originals/2023/6/26/638233974320818461_msi-modern-14-c13m-den-1-icon.jpg
https://fptshop.com.vn/may-tinh-xach-tay/acer-aspire-3-a315-59-51x8-i5-1235u,https://images.fpt.shop/unsafe/fit-in/filters:quality(90):fill(white):upscale()/fptshop.com.vn/Uploads/Originals/2023/4/20/638176054476482166_acer-aspire-a315-59-321n-i3-1215u-bac-1.jpg
https://fptshop.com.vn/may-tinh-xach-tay/msi-modern-15-b7m-231vn-r5-7530u,https://images.fpt.shop/unsafe/fit-in/filters:quality(90):fill(white):upscale()/fptshop.com.vn/Uploads/Originals/2023/3/24/638152553410995909_msi-modern-15-b7m-den-1.jpg
https://fptshop.com.vn/may-tinh-xach-tay/acer-swift-3-sf314-43-r4x3-r5-5500u,https://images.fpt.shop/unsafe/fit-in/filters:quality(90):fill(white):upscale()/fptshop.com.vn/Uploads/Originals/2021/11/18/637728602870778442_acer-swift-3-sf314-43-r4x3-r5-5500u-bac-1.jpg
https://fptshop.com.vn/may-tinh-xach-tay/lenovo-ideapad-1-14alc7-r7-5700u,https://images.fpt.shop/unsafe/fit-in/filters:quality(90):fill(white):upscale()/fptshop.com.vn/Uploads/Originals/2024/2/22/638442134030094866_lenovo-ideapad-1-14alc7-r7-5700u-1.jpg
https://fptshop.com.vn/may-tinh-xach-tay/msi-modern-15-b7m-098vn-r7-7730u,https://images.fpt.shop/unsafe/fit-in/filters:quality(90):fill(white):upscale()/fptshop.com.vn/Uploads/Originals/2023/3/24/638152553410995909_msi-modern-15-b7m-den-1.jpg
https://fptshop.com.vn/may-tinh-xach-tay/acer-aspire-3-a314-23m-r4tx-r5-7520u,https://images.fpt.shop/unsafe/fit-in/filters:quality(90):fill(white):upscale()/fptshop.com.vn/Uploads/Originals/2023/7/31/638263983204748584_acer-aspire-3-a314-23m-bac-5.jpg
https://fptshop.com.vn/may-tinh-xach-tay/lenovo-v15-g4-amn-r5-7520u,https://images.fpt.shop/unsafe/fit-in/filters:quality(90):fill(white):upscale()/fptshop.com.vn/Uploads/Originals/2023/10/23/638336785568887328_lenovo-v15-g4-iah-i5-12500h-3.jpg
https://fptshop.com.vn/may-tinh-xach-tay/acer-aspire-5-a515-58p-351n-i3-1305u,https://images.fpt.shop/unsafe/fit-in/filters:quality(90):fill(white):upscale()/fptshop.com.vn/Uploads/Originals/2023/9/30/638316654477547828_acer-aspire-5-a515-58p-351n-i3-1305u-1.jpg
https://fptshop.com.vn/may-tinh-xach-tay/hp-15s-fq5230tu-i3-1215u,https://images.fpt.shop/unsafe/fit-in/filters:quality(90):fill(white):upscale()/fptshop.com.vn/Uploads/Originals/2023/8/28/638288273850727579_hp-15s-fq5230tu-i3-1215u-xanh-2.jpg
https://fptshop.com.vn/may-tinh-xach-tay/huawei-ytfz-x-matebook-d14-be-i3-1215u,https://images.fpt.shop/unsafe/fit-in/filters:quality(90):fill(white):upscale()/fptshop.com.vn/Uploads/Originals/2023/7/20/638254410515903764_huawei-ytfz-x-matebook-d14-be-i3-1215u-bac-2.jpg
https://fptshop.com.vn/may-tinh-xach-tay/lenovo-ideapad-1-15amn7-r5-7520u,https://images.fpt.shop/unsafe/fit-in/filters:quality(90):fill(white):upscale()/fptshop.com.vn/Uploads/Originals/2022/11/29/638053327833014914_lenovo-ideapad-1-15amn7-xam-1.jpg
https://fptshop.com.vn/may-tinh-xach-tay/hp-240-g10-i3-n3058,https://images.fpt.shop/unsafe/fit-in/filters:quality(90):fill(white):upscale()/fptshop.com.vn/Uploads/Originals/2024/4/5/638479270497069231_hp-240-g10-i3-n3058-2.jpg
https://fptshop.com.vn/may-tinh-xach-tay/hp-245-g9-r5-5625u,https://images.fpt.shop/unsafe/fit-in/filters:quality(90):fill(white):upscale()/fptshop.com.vn/Uploads/Originals/2023/3/3/638134647807424561_hp-240-g9-bac-1.jpg
https://fptshop.com.vn/may-tinh-xach-tay/hp-14s-em0080au-r3-7320u,https://images.fpt.shop/unsafe/fit-in/filters:quality(90):fill(white):upscale()/fptshop.com.vn/Uploads/Originals/2023/4/11/638168318098594588_hp-14s-em0080au-r3-7320u-bac-1.jpg
https://fptshop.com.vn/may-tinh-xach-tay/msi-gaming-titan-18-hx-a14vig-205vn-i9-14900hx,https://images.fpt.shop/unsafe/fit-in/filters:quality(90):fill(white):upscale()/fptshop.com.vn/Uploads/Originals/2024/5/4/638504159328341671_A14VIG-205VN.jpg
https://fptshop.com.vn/may-tinh-xach-tay/asus-rog-strix-scar-18-gaming-g834jyr-r6011w-i9-14900hx,https://images.fpt.shop/unsafe/fit-in/filters:quality(90):fill(white):upscale()/fptshop.com.vn/Uploads/Originals/2024/2/16/638436925409092491_asus-rog-strix-scar-18-gaming-g834jyr-r6011w-i9-14900hx-1.jpg
https://fptshop.com.vn/may-tinh-xach-tay/asus-gaming-rog-zephyrus-duo-16-gx650pz-nm031w-r9-7945hx,https://images.fpt.shop/unsafe/fit-in/filters:quality(90):fill(white):upscale()/fptshop.com.vn/Uploads/Originals/2024/5/4/638504144178384775_GX650PZ-NM031W.jpg
https://fptshop.com.vn/may-tinh-xach-tay/macbook-pro-16-2023-m3-max-16-cpu-40-gpu-48gb-1tb,https://images.fpt.shop/unsafe/fit-in/filters:quality(90):fill(white):upscale()/fptshop.com.vn/Uploads/Originals/2023/11/1/638344451703828926_macbook-pro-16-2023-m3-pro-max-bac (1).jpg
https://fptshop.com.vn/may-tinh-xach-tay/asus-rog-strix-16-gaming-g634jzr-nm009w-i9-14900hx,https://images.fpt.shop/unsafe/fit-in/filters:quality(90):fill(white):upscale()/fptshop.com.vn/Uploads/Originals/2024/2/16/638436955558636734_asus-rog-strix-16-gaming-g634jzr-nm009w-i9-14900hx-2.jpg
https://fptshop.com.vn/may-tinh-xach-tay/msi-gaming-raider-18-hx-a14vhg-025vn-i9-14900hx,https://images.fpt.shop/unsafe/fit-in/filters:quality(90):fill(white):upscale()/fptshop.com.vn/Uploads/Originals/2024/5/4/638504166356411493_A14VHG-025VN.jpg
https://fptshop.com.vn/may-tinh-xach-tay/macbook-pro-16-2023-m3-max-14-cpu-30-gpu-36gb-1tb,https://images.fpt.shop/unsafe/fit-in/filters:quality(90):fill(white):upscale()/fptshop.com.vn/Uploads/Originals/2023/11/1/638344451703828926_macbook-pro-16-2023-m3-pro-max-bac (1).jpg
https://fptshop.com.vn/may-tinh-xach-tay/msi-gaming-stealth-16-mercedesamg-a13vg-289vn-i9-13900h,https://images.fpt.shop/unsafe/fit-in/filters:quality(90):fill(white):upscale()/fptshop.com.vn/Uploads/Originals/2024/5/4/638504147615496609_A13VG-289VN.jpg
https://fptshop.com.vn/may-tinh-xach-tay/macbook-pro-14-2023-m3-max-14-cpu-30-gpu-36gb-1tb,https://images.fpt.shop/unsafe/fit-in/filters:quality(90):fill(white):upscale()/fptshop.com.vn/Uploads/Originals/2023/11/1/638344479616585057_macbook-pro-14-2023-m3-pro-max-bac (1).jpg
https://fptshop.com.vn/may-tinh-xach-tay/dell-xps-14-9440-u7-155h,https://images.fpt.shop/unsafe/fit-in/filters:quality(90):fill(white):upscale()/fptshop.com.vn/Uploads/Originals/2024/5/15/638513712714524991_dell-xps-14-9440-graphite.jpg
https://fptshop.com.vn/may-tinh-xach-tay/macbook-pro-16-2023-m3-pro-12-cpu-18-gpu-36gb-512gb,https://images.fpt.shop/unsafe/fit-in/filters:quality(90):fill(white):upscale()/fptshop.com.vn/Uploads/Originals/2023/11/1/638344451703828926_macbook-pro-16-2023-m3-pro-max-bac (1).jpg
https://fptshop.com.vn/may-tinh-xach-tay/msi-gaming-raider-ge68-hx-13vg-048vn-i7-13700hx,https://images.fpt.shop/unsafe/fit-in/filters:quality(90):fill(white):upscale()/fptshop.com.vn/Uploads/Originals/2024/5/4/638504153783552229_13VG-048VN.jpg
https://fptshop.com.vn/may-tinh-xach-tay/asus-rog-strix-18-gaming-g814jir-n6007w-i9-14900hx,https://images.fpt.shop/unsafe/fit-in/filters:quality(90):fill(white):upscale()/fptshop.com.vn/Uploads/Originals/2024/2/16/638436931558275205_asus-rog-strix-18-gaming-g814jir-n6007w-i9-14900hx-2.jpg
https://fptshop.com.vn/may-tinh-xach-tay/lenovo-thinkpad-x1-carbon-gen-12-ultra-7-155h,https://images.fpt.shop/unsafe/fit-in/filters:quality(90):fill(white):upscale()/fptshop.com.vn/Uploads/Originals/2024/5/13/638512075405483469_21KCS00X00.jpg
https://fptshop.com.vn/may-tinh-xach-tay/asus-gaming-rog-zephyrus-g14-ga403uv-qs170w-r9-8945hs,https://images.fpt.shop/unsafe/fit-in/filters:quality(90):fill(white):upscale()/fptshop.com.vn/Uploads/Originals/2024/5/4/638504133482735385_GA403UV-QS170W.jpg
https://fptshop.com.vn/may-tinh-xach-tay/msi-gaming-stealth-14-ai-studio-a1vfg-050vn-ultra-7-155h,https://images.fpt.shop/unsafe/fit-in/filters:quality(90):fill(white):upscale()/fptshop.com.vn/Uploads/Originals/2024/5/4/638504173313520578_A1VFG-050VN.jpg
https://fptshop.com.vn/may-tinh-xach-tay/lenovo-gaming-legion-pro-5-16irx9-i9-14900hx,https://images.fpt.shop/unsafe/fit-in/filters:quality(90):fill(white):upscale()/fptshop.com.vn/Uploads/Originals/2024/3/12/638458541226535168_lenovo-gaming-legion-pro-5-16irx9-i9-14900hx-1.jpg
https://fptshop.com.vn/may-tinh-xach-tay/asus-zenbook-s-13-oled-ux5304ma-nq117w-intel-core-ultra-7-155u,https://images.fpt.shop/unsafe/fit-in/filters:quality(90):fill(white):upscale()/fptshop.com.vn/Uploads/Originals/2024/5/13/638512090717444967_UX5304MA-NQ117W.jpg
https://fptshop.com.vn/may-tinh-xach-tay/asus-gaming-rog-zephyrus-g16-gu603vu-n4019w-i7-13620h,https://images.fpt.shop/unsafe/fit-in/filters:quality(90):fill(white):upscale()/fptshop.com.vn/Uploads/Originals/2024/5/4/638504121206886593_GU603VU-N4019W.jpg
https://fptshop.com.vn/may-tinh-xach-tay/asus-gaming-rog-strix-g16-g614jv-n4156w-i7-13650hx,https://images.fpt.shop/unsafe/fit-in/filters:quality(90):fill(white):upscale()/fptshop.com.vn/Uploads/Originals/2024/5/4/638504124252413981_G614JV-N4156W.jpg
https://fptshop.com.vn/may-tinh-xach-tay/msi-gaming-sword-16-hx-b14vekg-039vn-i7-14700hx,https://images.fpt.shop/unsafe/fit-in/filters:quality(90):fill(white):upscale()/fptshop.com.vn/Uploads/Originals/2024/4/24/638495687117256500_MSI Gaming Sword 16 HX-1.jpg
https://fptshop.com.vn/may-tinh-xach-tay/lenovo-gaming-loq-15irx9-i7-13650hx-16gb-512gb,https://images.fpt.shop/unsafe/fit-in/filters:quality(90):fill(white):upscale()/fptshop.com.vn/Uploads/Originals/2024/5/15/638513689100792208_lenovo-loq-15irx9-luna-grey.jpg
https://fptshop.com.vn/may-tinh-xach-tay/lenovo-yoga-slim-7-14imh9-ultra-7-155h,https://images.fpt.shop/unsafe/fit-in/filters:quality(90):fill(white):upscale()/fptshop.com.vn/Uploads/Originals/2024/5/15/638513684745504653_lenovo-yoga-slim-7-14imh9-luna-grey.jpg
https://fptshop.com.vn/may-tinh-xach-tay/asus-tuf-gaming-fa507nu-lp140w-r5-7535hs,https://images.fpt.shop/unsafe/fit-in/filters:quality(90):fill(white):upscale()/fptshop.com.vn/Uploads/Originals/2023/10/26/638339399515349660_asus-tuf-gaming-fa507nu-xam-1.jpg
https://fptshop.com.vn/may-tinh-xach-tay/lenovo-thinkbook-14s-yoga-itl-i7-1165g7,https://images.fpt.shop/unsafe/fit-in/filters:quality(90):fill(white):upscale()/fptshop.com.vn/Uploads/Originals/2022/7/11/637931343560088095_lenovo-thinkbook-14s-yoga-itl-xam-1.jpg
https://fptshop.com.vn/may-tinh-xach-tay/lenovo-ideapad-slim-5-14imh9-u7-155h,https://images.fpt.shop/unsafe/fit-in/filters:quality(90):fill(white):upscale()/fptshop.com.vn/Uploads/Originals/2024/4/24/638495695471341511_IdeaPad Slim 5 14IMH9-grey.jpg
https://fptshop.com.vn/may-tinh-xach-tay/asus-vivobook-14-x1404za-nk389w-i7-1255u,https://images.fpt.shop/unsafe/fit-in/filters:quality(90):fill(white):upscale()/fptshop.com.vn/Uploads/Originals/2024/4/8/638481856122444347_asus-vivobook-14-x1404za-nk389w-i7-1255u-5.jpg
https://fptshop.com.vn/may-tinh-xach-tay/lenovo-thinkbook-14p-g3-arh-r5-6600h,https://images.fpt.shop/unsafe/fit-in/filters:quality(90):fill(white):upscale()/fptshop.com.vn/Uploads/Originals/2022/11/29/638053280157458632_lenovo-thinkbook-14p-g3-arh-r5-6600h-xam-1.jpg
https://fptshop.com.vn/may-tinh-xach-tay/lenovo-gaming-loq-15iax9-i5-12450hx-24gb-512gb,https://images.fpt.shop/unsafe/fit-in/filters:quality(90):fill(white):upscale()/fptshop.com.vn/Uploads/Originals/2024/5/15/638513689100792208_lenovo-loq-15irx9-luna-grey.jpg
https://fptshop.com.vn/may-tinh-xach-tay/hp-pavilion-x360-14-ek1047tu-i7-1355u,https://images.fpt.shop/unsafe/fit-in/filters:quality(90):fill(white):upscale()/fptshop.com.vn/Uploads/Originals/2023/2/17/638122396157317297_hp-pavilion-x360-14-ek-vang-3.jpg
https://fptshop.com.vn/may-tinh-xach-tay/lenovo-thinkpad-e14-gen-5-i7-1355u,https://images.fpt.shop/unsafe/fit-in/filters:quality(90):fill(white):upscale()/fptshop.com.vn/Uploads/Originals/2024/4/24/638495691706672644_ThinkPad E14 Gen 5 (Intel)-grey.jpg
https://fptshop.com.vn/may-tinh-xach-tay/asus-tuf-gaming-fa507nu-lp131w-r5-7535hs,https://images.fpt.shop/unsafe/fit-in/filters:quality(90):fill(white):upscale()/fptshop.com.vn/Uploads/Originals/2024/2/16/638436992456366721_asus-tuf-gaming-a15-fa507nv-lp110w-r5-7535hs-2.jpg
https://fptshop.com.vn/may-tinh-xach-tay/lenovo-ideapad-slim-5-14imh9-ultra-7-155h,https://images.fpt.shop/unsafe/fit-in/filters:quality(90):fill(white):upscale()/fptshop.com.vn/Uploads/Originals/2024/5/15/638513680207449021_lenovo-ideapad-slim-5-14imh9-cloud-grey.jpg
https://fptshop.com.vn/may-tinh-xach-tay/lenovo-ideapad-slim-5-14imh9-ultra5-125h,https://images.fpt.shop/unsafe/fit-in/filters:quality(90):fill(white):upscale()/fptshop.com.vn/Uploads/Originals/2024/5/15/638513680207449021_lenovo-ideapad-slim-5-14imh9-cloud-grey.jpg
https://fptshop.com.vn/may-tinh-xach-tay/hp-pavilion-x360-14-ek1049tu-i5-1335u,https://images.fpt.shop/unsafe/fit-in/filters:quality(90):fill(white):upscale()/fptshop.com.vn/Uploads/Originals/2023/2/17/638122396157317297_hp-pavilion-x360-14-ek-vang-3.jpg
https://fptshop.com.vn/may-tinh-xach-tay/asus-vivobook-a1505va-l1491w-i7-13700h,https://images.fpt.shop/unsafe/fit-in/filters:quality(90):fill(white):upscale()/fptshop.com.vn/Uploads/Originals/2023/4/13/638169958069065063_asus-vivobook-a1505va-l1113w-i5-13500h-bac-2.jpg
https://fptshop.com.vn/may-tinh-xach-tay/asus-zenbook-14-oled-um3402ya-km405w-r5-7530u,https://images.fpt.shop/unsafe/fit-in/filters:quality(90):fill(white):upscale()/fptshop.com.vn/Uploads/Originals/2024/3/18/638463574565680962_asus-zenbook-14-oled-um3402-den-3.jpg
https://fptshop.com.vn/may-tinh-xach-tay/acer-nitro-v-gaming-anv15-51-53ne-i5-13420h,https://images.fpt.shop/unsafe/fit-in/filters:quality(90):fill(white):upscale()/fptshop.com.vn/Uploads/Originals/2023/11/8/638350517639337847_acer-nitro-v-gaming-anv15-51-55ca-i5-13420h-5.jpg
https://fptshop.com.vn/may-tinh-xach-tay/lenovo-ideapad-slim-5-15iru9-core-5-120U,https://images.fpt.shop/unsafe/fit-in/filters:quality(90):fill(white):upscale()/fptshop.com.vn/Uploads/Originals/2024/4/23/638494851331172266_83D00003VN.jpg
https://fptshop.com.vn/may-tinh-xach-tay/lenovo-ideapad-slim-5-14imh9-u5-125h,https://images.fpt.shop/unsafe/fit-in/filters:quality(90):fill(white):upscale()/fptshop.com.vn/Uploads/Originals/2024/4/24/638495695471341511_IdeaPad Slim 5 14IMH9-grey.jpg
https://fptshop.com.vn/may-tinh-xach-tay/lenovo-gaming-loq-15iax9-i5-12450hx,https://images.fpt.shop/unsafe/fit-in/filters:quality(90):fill(white):upscale()/fptshop.com.vn/Uploads/Originals/2024/4/24/638495702921048085_LOQ 15IAX9.jpg
https://fptshop.com.vn/may-tinh-xach-tay/lenovo-thinkpad-e15-gen-4-r5-5625u,https://images.fpt.shop/unsafe/fit-in/filters:quality(90):fill(white):upscale()/fptshop.com.vn/Uploads/Originals/2022/11/29/638053310170716617_lenovo-thinkpad-e15-gen-4-amd-den-1.jpg
https://fptshop.com.vn/may-tinh-xach-tay/acer-aspire-5-a515-58p-71ej-i7-1355u,https://images.fpt.shop/unsafe/fit-in/filters:quality(90):fill(white):upscale()/fptshop.com.vn/Uploads/Originals/2023/9/30/638316654475829069_acer-aspire-5-a515-58p-351n-i3-1305u-3.jpg
https://fptshop.com.vn/may-tinh-xach-tay/lenovo-thinkbook-16-g6-abp-r5-7530u,https://images.fpt.shop/unsafe/fit-in/filters:quality(90):fill(white):upscale()/fptshop.com.vn/Uploads/Originals/2024/4/24/638495706152648461_ThinkBook 16 G6 ABP.jpg
https://fptshop.com.vn/may-tinh-xach-tay/hp-15-fd0235tu-i5-1334u,https://images.fpt.shop/unsafe/fit-in/filters:quality(90):fill(white):upscale()/fptshop.com.vn/Uploads/Originals/2023/8/22/638283023914951249_hp-15-fd-bac-1.jpg
https://fptshop.com.vn/may-tinh-xach-tay/asus-tuf-gaming-a15-fa506nc-hn011w-r5-7535hs,https://images.fpt.shop/unsafe/fit-in/filters:quality(90):fill(white):upscale()/fptshop.com.vn/Uploads/Originals/2024/2/16/638436898802594053_asus-tuf-gaming-a15-fa506nc-1.jpg
https://fptshop.com.vn/may-tinh-xach-tay/hp-15-fd0237tu-i5-1334u,https://images.fpt.shop/unsafe/fit-in/filters:quality(90):fill(white):upscale()/fptshop.com.vn/Uploads/Originals/2023/8/22/638283023914427700_hp-15-fd-bac-4.jpg
https://fptshop.com.vn/may-tinh-xach-tay/laptop-hp-245-g10-r7-7730u,https://images.fpt.shop/unsafe/fit-in/filters:quality(90):fill(white):upscale()/fptshop.com.vn/Uploads/Originals/2024/5/13/638512086853843358_8F157PA.jpg
https://fptshop.com.vn/may-tinh-xach-tay/hp-14-ep0112tu-i5-1335u,https://images.fpt.shop/unsafe/fit-in/filters:quality(90):fill(white):upscale()/fptshop.com.vn/Uploads/Originals/2024/4/5/638479322106453155_hp-14-ep0112TU-i5-1335u-1.jpg
https://fptshop.com.vn/may-tinh-xach-tay/msi-gaming-thin-15-b12ucx-1419vn-i5-12450h,https://images.fpt.shop/unsafe/fit-in/filters:quality(90):fill(white):upscale()/fptshop.com.vn/Uploads/Originals/2024/4/24/638495677939555516_MSI Thin 15 B12U.jpg
https://fptshop.com.vn/may-tinh-xach-tay/asus-vivobook-x1504va-nj070w-i5-1335u,https://images.fpt.shop/unsafe/fit-in/filters:quality(90):fill(white):upscale()/fptshop.com.vn/Uploads/Originals/2024/5/13/638512081811310183_X1504VA-NJ070W.jpg
https://fptshop.com.vn/may-tinh-xach-tay/lenovo-ideapad-flex-5-14alc7-r7-5700u,https://images.fpt.shop/unsafe/fit-in/filters:quality(90):fill(white):upscale()/fptshop.com.vn/Uploads/Originals/2024/2/22/638442187982607862_lenovo-ideapad-flex-5-14alc7-xam-nhat-6.jpg
https://fptshop.com.vn/may-tinh-xach-tay/asus-vivobook-15-x1504za-nj517w-i5-1235u,https://images.fpt.shop/unsafe/fit-in/filters:quality(90):fill(white):upscale()/fptshop.com.vn/Uploads/Originals/2024/5/13/638512084168393633_X1504ZA-NJ517W.jpg
https://fptshop.com.vn/may-tinh-xach-tay/lenovo-v15-g4-iru-i5-13420h,https://images.fpt.shop/unsafe/fit-in/filters:quality(90):fill(white):upscale()/fptshop.com.vn/Uploads/Originals/2024/5/15/638513704128810543_lenovo-v15-g4-iru-iron-grey.jpg
https://fptshop.com.vn/may-tinh-xach-tay/lenovo-ideapad-flex-5-14alc7-r5-5500u,https://images.fpt.shop/unsafe/fit-in/filters:quality(90):fill(white):upscale()/fptshop.com.vn/Uploads/Originals/2024/2/22/638442187982607862_lenovo-ideapad-flex-5-14alc7-xam-nhat-6.jpg
https://fptshop.com.vn/may-tinh-xach-tay/lenovo-ideapad-slim-3-15abr8-r5-7430u,https://images.fpt.shop/unsafe/fit-in/filters:quality(90):fill(white):upscale()/fptshop.com.vn/Uploads/Originals/2024/5/13/638512072644533337_82XM00EJVN.jpg
https://fptshop.com.vn/may-tinh-xach-tay/hp-15s-fq5228tu-i3-1215u,https://images.fpt.shop/unsafe/fit-in/filters:quality(90):fill(white):upscale()/fptshop.com.vn/Uploads/Originals/2023/8/28/638288273849946302_hp-15s-fq5230tu-i3-1215u-xanh-4.jpg
https://fptshop.com.vn/may-tinh-xach-tay/hp-14s-dq5121tu-i3-1215u,https://images.fpt.shop/unsafe/fit-in/filters:quality(90):fill(white):upscale()/fptshop.com.vn/Uploads/Originals/2022/12/7/638060331277536556_hp-14s-dq-bac-1.jpg
https://fptshop.com.vn/may-tinh-xach-tay/hp-15s-fq5231tu-i3-1215u,https://images.fpt.shop/unsafe/fit-in/filters:quality(90):fill(white):upscale()/fptshop.com.vn/Uploads/Originals/2024/5/2/638502464466969096_8U241PA.jpg
